[-0.00013289903290569782, -0.023182561621069908, -0.004659079480916262] [159.873046875, 2.8125, 0.7470703125] [0.00018639088335737253, 0.0325135408780893, 0]
[-0.00013289903290569782, -0.023182561621069908, -0.004659079480916262] [159.43359375, 3.01025390625, 0.7470703125] [0.00018639088335737253, 0.0325135408780893, 0]
[-0.00013289903290569782, -0.023182561621069908, -0.004659079480916262] [159.08203125, 3.40576171875, 0.6591796875] [0.00018639088335737253, 0.0325135408780893, 0]
[-0.00013289903290569782, -0.023182561621069908, -0.004659079480916262] [158.994140625, 3.5595703125, 0.3515625] [0.00018639088335737253, 0.0325135408780893, -0.2173913043478261]
[-0.00013289903290569782, -0.023182561621069908, -0.004659079480916262] [159.2578125, 3.1640625, 0.17578125] [0.00018639088335737253, 0.0325135408780893, -0.2173913043478261]
[-0.00013289903290569782, -0.023182561621069908, -0.004659079480916262] [158.73046875, 3.2958984375, -0.52734375] [0.00018639088335737253, 0.0325135408780893, -0.2173913043478261]
[-0.041248857975006104, -0.008189113810658455, 0.007597697898745537] [158.994140625, 3.1201171875, -0.087890625] [0.0051362540754639795, 0.03349623458204376, -0.2173913043478261]
[-0.041248857975006104, -0.008189113810658455, 0.007597697898745537] [159.609375, 5.3173828125, 0.17578125] [0.0051362540754639795, 0.03349623458204376, -0.32608695652173914]
[-0.041248857975006104, -0.008189113810658455, 0.007597697898745537] [158.642578125, 7.40478515625, -0.3076171875] [0.0051362540754639795, 0.03349623458204376, -0.32608695652173914]
[-0.1540130227804184, -0.015167012810707092, -0.019608208909630775] [159.697265625, 5.95458984375, -0.3955078125] [0.02477291698148776, 0.035430028961755566, -0.2173913043478261]
[-0.1540130227804184, -0.015167012810707092, -0.019608208909630775] [159.697265625, 2.548828125, 0.5712890625] [0.02477291698148776, 0.035430028961755566, -0.32608695652173914]
[-0.4632165729999542, 0.013127565383911133, -0.040848031640052795] [159.2578125, 0.41748046875, 1.9775390625] [0.08383303217011794, 0.03375626431491047, -0.32608695652173914]
[-0.4632165729999542, 0.013127565383911133, -0.040848031640052795] [159.169921875, -0.0439453125, 1.7138671875] [0.08383303217011794, 0.03375626431491047, -0.32608695652173914]
[-0.4632165729999542, 0.013127565383911133, -0.040848031640052795] [159.43359375, -1.64794921875, 0.4833984375] [0.08383303217011794, 0.03375626431491047, -0.32608695652173914]
[-0.4632165729999542, 0.013127565383911133, -0.040848031640052795] [159.43359375, -1.64794921875, 0.4833984375] [0.08383303217011794, 0.03375626431491047, -0.32608695652173914]
[-0.5644181370735168, 0.01400156319141388, 0.013912932947278023] [160.751953125, -1.2744140625, -2.0654296875] [0.15579634724372876, 0.031971064943587736, -0.32608695652173914]
[-0.5644181370735168, 0.01400156319141388, 0.013912932947278023] [161.630859375, -1.25244140625, -2.021484375] [0.15579634724372876, 0.031971064943587736, -0.4347826086956522]
[-0.5644181370735168, 0.01400156319141388, 0.013912932947278023] [161.19140625, -0.50537109375, -1.669921875] [0.15579634724372876, 0.031971064943587736, -0.4347826086956522]
[-0.48641762137413025, 0.021282300353050232, -0.004393545910716057] [160.13671875, 1.69189453125, 0.52734375] [0.26524032999217184, 0.02718254657925224, -0.2173913043478261]
[-0.48641762137413025, 0.021282300353050232, -0.004393545910716057] [159.521484375, 1.7138671875, 1.5380859375] [0.26524032999217184, 0.02718254657925224, -0.2173913043478261]
[-0.48641762137413025, 0.021282300353050232, -0.004393545910716057] [159.78515625, 0.87890625, 1.2744140625] [0.26524032999217184, 0.02718254657925224, -0.2173913043478261]
[-0.48641762137413025, 0.021282300353050232, -0.004393545910716057] [159.78515625, 0.87890625, 1.2744140625] [0.26524032999217184, 0.02718254657925224, -0.2173913043478261]
[-0.48641762137413025, 0.021282300353050232, -0.004393545910716057] [159.609375, 1.77978515625, 0.615234375] [0.26524032999217184, 0.02718254657925224, -0.10869565217391305]
[-0.41581735014915466, 0.022823378443717957, 0.0020180274732410908] [161.19140625, 0.63720703125, 2.548828125] [0.3182570295270007, 0.0242725665197712, -0.10869565217391305]
[-0.41581735014915466, 0.022823378443717957, 0.0020180274732410908] [160.6640625, 0.72509765625, 2.4169921875] [0.3681551090741799, 0.021533761242137864, -0.10869565217391305]
[-0.41581735014915466, 0.022823378443717957, 0.0020180274732410908] [160.6640625, 0.72509765625, 2.4169921875] [0.3681551090741799, 0.021533761242137864, -0.10869565217391305]
[-0.43892645835876465, 0.02670133113861084, -0.0014757280005142093] [159.609375, 1.4501953125, 2.28515625] [0.4241182192049766, 0.01812934233165249, -0.2173913043478261]
[-0.43892645835876465, 0.02670133113861084, -0.0014757280005142093] [160.576171875, 1.47216796875, 3.1640625] [0.4241182192049766, 0.01812934233165249, -0.2173913043478261]
[-0.43892645835876465, 0.02670133113861084, -0.0014757280005142093] [159.873046875, 1.73583984375, 2.9443359375] [0.4241182192049766, 0.01812934233165249, -0.2173913043478261]
[-0.38143208622932434, 0.025561876595020294, 0.005094754975289106] [160.400390625, 1.7578125, 2.7685546875] [0.4784722879687111, 0.014486775153021117, -0.2173913043478261]
[-0.38143208622932434, 0.025561876595020294, 0.005094754975289106] [160.400390625, 1.7578125, 2.7685546875] [0.4784722879687111, 0.014486775153021117, -0.2173913043478261]
[-0.38143208622932434, 0.025561876595020294, 0.005094754975289106] [161.71875, 0.63720703125, 2.8125] [0.4784722879687111, 0.014486775153021117, -0.2173913043478261]
[-0.47145307064056396, 0.017189256846904755, -0.006218915805220604] [163.037109375, -0.263671875, 2.9443359375] [0.5385825511559769, 0.012295145026066857, -0.2173913043478261]
[-0.47145307064056396, 0.017189256846904755, -0.006218915805220604] [163.037109375, -0.263671875, 2.9443359375] [0.5385825511559769, 0.012295145026066857, -0.2173913043478261]
[-0.41083258390426636, 0.007285550236701965, 0.014951440505683422] [165.234375, 0.76904296875, 2.724609375] [0.5940449418562537, 0.011311595888229685, -0.10869565217391305]
[-0.41083258390426636, 0.007285550236701965, 0.014951440505683422] [164.00390625, 0.5712890625, 2.548828125] [0.5940449418562537, 0.011311595888229685, -0.10869565217391305]
[-0.47611165046691895, 0.05115564912557602, 0.002315947785973549] [162.24609375, -0.0, 3.603515625] [0.7154534171062437, -0.0017330951094992192, -0.10869565217391305]
[-0.47611165046691895, 0.05115564912557602, 0.002315947785973549] [162.685546875, 0.0439453125, 3.3837890625] [0.7154534171062437, -0.0017330951094992192, -0.10869565217391305]
[-0.47611165046691895, 0.05115564912557602, 0.002315947785973549] [162.861328125, 0.1318359375, 2.900390625] [0.7154534171062437, -0.0017330951094992192, -0.2173913043478261]
[-0.22348077595233917, 0.07823728024959564, 0.0002464295830577612] [163.125, 1.69189453125, 1.5380859375] [0.748975528587163, -0.013468685427344737, -0.2173913043478261]
[-0.22348077595233917, 0.07823728024959564, 0.0002464295830577612] [163.125, 2.109375, 1.318359375] [0.7774693259476031, -0.023443938108315243, -0.2173913043478261]
[-0.22348077595233917, 0.07823728024959564, 0.0002464295830577612] [164.00390625, 2.87841796875, 1.318359375] [0.7774693259476031, -0.023443938108315243, -0.2173913043478261]
[-0.22348077595233917, 0.07823728024959564, 0.0002464295830577612] [166.728515625, 2.0654296875, 1.845703125] [0.7774693259476031, -0.023443938108315243, -0.2173913043478261]
[-0.22348077595233917, 0.07823728024959564, 0.0002464295830577612] [171.73828125, 1.494140625, 1.1865234375] [0.7774693259476031, -0.023443938108315243, -0.2173913043478261]
[-0.10109035670757294, 0.05983448028564453, -0.0016213118797168136] [178.154296875, 0.8349609375, -0.3076171875] [0.7911165221034276, -0.03152159176327396, -0.2173913043478261]
[-0.10109035670757294, 0.05983448028564453, -0.0016213118797168136] [184.5703125, 0.52734375, 0.87890625] [0.7911165221034276, -0.03152159176327396, -0.32608695652173914]
[-0.06799865514039993, -0.001235739327967167, 0.004089955240488052] [196.875, -0.63720703125, 1.142578125] [0.7992763603162386, -0.03137330305126046, -0.32608695652173914]
[-0.06799865514039993, -0.001235739327967167, 0.004089955240488052] [204.78515625, -1.142578125, 0.615234375] [0.7992763603162386, -0.03137330305126046, -0.32608695652173914]
[-0.06799865514039993, -0.001235739327967167, 0.004089955240488052] [212.783203125, -1.29638671875, -0.791015625] [0.7992763603162386, -0.03137330305126046, -0.32608695652173914]
[-0.06799865514039993, -0.001235739327967167, 0.004089955240488052] [219.814453125, -0.37353515625, -2.021484375] [0.7992763603162386, -0.03137330305126046, -0.32608695652173914]
[-0.06585872173309326, 0.009143276140093803, 0.001723486348055303] [229.833984375, 0.87890625, 1.0546875] [0.8088391153901342, -0.040936058125156015, -0.32608695652173914]
[-0.06585872173309326, 0.009143276140093803, 0.001723486348055303] [229.833984375, 0.87890625, 1.0546875] [0.8088391153901342, -0.040936058125156015, -0.2173913043478261]
[-0.00565940048545599, 0.018841758370399475, 0.005636184476315975] [232.3828125, 0.94482421875, 2.724609375] [0.8121467713510101, -0.044243714086031935, -0.2173913043478261]
[-0.00565940048545599, 0.018841758370399475, 0.005636184476315975] [232.55859375, 1.9775390625, 2.4169921875] [0.8121467713510101, -0.044243714086031935, -0.2173913043478261]
[-0.00565940048545599, 0.018841758370399475, 0.005636184476315975] [233.0859375, 3.33984375, 1.23046875] [0.8121467713510101, -0.044243714086031935, -0.2173913043478261]
[-0.00565940048545599, 0.018841758370399475, 0.005636184476315975] [232.20703125, 3.603515625, -0.791015625] [0.8121467713510101, -0.044243714086031935, -0.2173913043478261]
[0.06796672940254211, -0.012094380334019661, -0.01042365375906229] [232.294921875, 4.63623046875, -1.4501953125] [0.8025394377262989, -0.034636380461320684, -0.2173913043478261]
[0.06796672940254211, -0.012094380334019661, -0.01042365375906229] [232.822265625, 4.98779296875, -1.40625] [0.8025394377262989, -0.034636380461320684, -0.2173913043478261]
[0.06796672940254211, -0.012094380334019661, -0.01042365375906229] [235.37109375, 5.44921875, -2.4169921875] [0.8025394377262989, -0.034636380461320684, -0.2173913043478261]
[0.052831295877695084, -0.016623705625534058, 0.015279488638043404] [243.369140625, 5.0537109375, -3.0322265625] [0.8004199151825621, -0.027900389993851846, -0.2173913043478261]
[0.052831295877695084, -0.016623705625534058, 0.015279488638043404] [245.56640625, 4.32861328125, -2.4609375] [0.8004199151825621, -0.027900389993851846, -0.2173913043478261]
[0.03283247351646423, -0.07897237688302994, -0.00015373402857221663] [249.697265625, 2.5927734375, -0.17578125] [0.7891663522063339, -0.02322176282108572, -0.2173913043478261]
[0.03283247351646423, -0.07897237688302994, -0.00015373402857221663] [252.94921875, 0.81298828125, -3.69140625] [0.7891663522063339, -0.02322176282108572, -0.2173913043478261]
[0.03283247351646423, -0.07897237688302994, -0.00015373402857221663] [254.794921875, 0.46142578125, -6.943359375] [0.7891663522063339, -0.02322176282108572, -0.2173913043478261]
[-0.022513002157211304, 0.15887606143951416, -0.0028515965677797794] [255.05859375, 0.63720703125, -6.7236328125] [0.809423045222136, -0.026092169913448968, -0.2173913043478261]
[-0.022513002157211304, 0.15887606143951416, -0.0028515965677797794] [255.76171875, 1.12060546875, -5.9765625] [0.809423045222136, -0.026092169913448968, -0.32608695652173914]
[-0.022513002157211304, 0.15887606143951416, -0.0028515965677797794] [257.34375, 1.91162109375, -3.4716796875] [0.809423045222136, -0.026092169913448968, -0.32608695652173914]
[-0.007674042135477066, 0.16735833883285522, 0.0025294602382928133] [258.3984375, 2.373046875, -0.703125] [0.8295060468359701, -0.02701305501344591, -0.32608695652173914]
[-0.007674042135477066, 0.16735833883285522, 0.0025294602382928133] [257.958984375, 2.4169921875, 0.87890625] [0.8295060468359701, -0.02701305501344591, -0.32608695652173914]
[-0.007674042135477066, 0.16735833883285522, 0.0025294602382928133] [255.41015625, 3.69140625, -1.669921875] [0.8295060468359701, -0.02701305501344591, -0.32608695652173914]
[-0.007674042135477066, 0.16735833883285522, 0.0025294602382928133] [257.16796875, 3.44970703125, -2.373046875] [0.8295060468359701, -0.02701305501344591, -0.32608695652173914]
[0.031100355088710785, 0.2211538702249527, -0.0028620774392038584] [257.080078125, 1.4501953125, -1.7578125] [0.8577031637325516, -0.023047759958606622, -0.32608695652173914]
[0.031100355088710785, 0.2211538702249527, -0.0028620774392038584] [257.255859375, 1.82373046875, -0.615234375] [0.8577031637325516, -0.023047759958606622, -0.32608695652173914]
[0.041581761091947556, 0.23846961557865143, -0.0014252737164497375] [258.046875, 2.52685546875, -2.373046875] [0.8898965571184326, -0.01743422303373464, -0.32608695652173914]
[0.041581761091947556, 0.23846961557865143, -0.0014252737164497375] [257.6953125, 2.900390625, -4.04296875] [0.8898965571184326, -0.01743422303373464, -0.10869565217391305]
[0.03956243023276329, 0.2625637948513031, 0.00784638524055481] [257.6953125, 2.900390625, -4.04296875] [0.9194349888809297, -0.012983448903010158, -0.10869565217391305]
[0.03956243023276329, 0.2625637948513031, 0.00784638524055481] [256.640625, 2.98828125, 1.669921875] [0.9194349888809297, -0.012983448903010158, -0.2173913043478261]
[0.03956243023276329, 0.2625637948513031, 0.00784638524055481] [256.11328125, 3.6474609375, 2.63671875] [0.9194349888809297, -0.012983448903010158, -0.2173913043478261]
[0.04906017333269119, 0.1911579668521881, 0.018729276955127716] [257.51953125, 3.66943359375, 0.5712890625] [0.9452413128499952, -0.006360325902434849, -0.2173913043478261]
[0.04906017333269119, 0.1911579668521881, 0.018729276955127716] [259.453125, 2.548828125, -4.1748046875] [0.9710476390444325, 0.0002627976692760464, -0.2173913043478261]
[0.04906017333269119, 0.1911579668521881, 0.018729276955127716] [257.431640625, 2.197265625, -0.0] [0.9710476390444325, 0.0002627976692760464, -0.2173913043478261]
[0.019125327467918396, 0.316373348236084, -0.015686342492699623] [256.81640625, 2.65869140625, 0.8349609375] [1.0113852424000827, 0.002701277009426177, -0.2173913043478261]
[0.019125327467918396, 0.316373348236084, -0.015686342492699623] [254.970703125, 3.4716796875, -0.0] [1.0113852424000827, 0.002701277009426177, -0.10869565217391305]
[0.019125327467918396, 0.316373348236084, -0.015686342492699623] [253.916015625, 3.603515625, -1.2744140625] [1.0113852424000827, 0.002701277009426177, -0.2173913043478261]
[0.03181356191635132, 0.2519773542881012, 0.018066495656967163] [252.861328125, 3.53759765625, -2.4169921875] [1.041622523417446, 0.006518904250357303, -0.2173913043478261]
[0.03181356191635132, 0.2519773542881012, 0.018066495656967163] [254.00390625, 4.39453125, -2.1533203125] [1.041622523417446, 0.006518904250357303, -0.2173913043478261]
[0.03181356191635132, 0.2519773542881012, 0.018066495656967163] [254.70703125, 4.4384765625, -0.6591796875] [1.041622523417446, 0.006518904250357303, -0.2173913043478261]
[0.02599555253982544, 0.33529072999954224, -0.015705512836575508] [254.443359375, 2.98828125, 0.5712890625] [1.0843720813250775, 0.009833336410899472, -0.2173913043478261]
[0.022381283342838287, 0.35319793224334717, 0.0027285348623991013] [254.267578125, 2.96630859375, 0.3515625] [1.1267558393191643, 0.012519090800158967, -0.2173913043478261]
[0.022381283342838287, 0.35319793224334717, 0.0027285348623991013] [254.267578125, 2.96630859375, 0.3515625] [1.1267558393191643, 0.012519090800158967, -0.2173913043478261]
[0.022381283342838287, 0.35319793224334717, 0.0027285348623991013] [254.53125, 3.09814453125, -0.3515625] [1.1267558393191643, 0.012519090800158967, -0.2173913043478261]
[0.017997480928897858, 0.36228954792022705, 0.020909788087010384] [255.41015625, 2.8564453125, 0.7470703125] [1.167513411705666, 0.014543807317500382, -0.2173913043478261]
[0.017997480928897858, 0.36228954792022705, 0.020909788087010384] [255.849609375, 2.8125, 0.4833984375] [1.167513411705666, 0.014543807317500382, -0.2173913043478261]
[0.017997480928897858, 0.36228954792022705, 0.020909788087010384] [256.46484375, 2.8125, 1.0107421875] [1.167513411705666, 0.014543807317500382, -0.2173913043478261]
[-0.003961041569709778, 0.3564439117908478, -0.01238697487860918] [255.76171875, 2.79052734375, -0.439453125] [1.210286683152189, 0.014068482306558484, -0.2173913043478261]
[-0.003961041569709778, 0.3564439117908478, -0.01238697487860918] [255.673828125, 2.57080078125, 0.52734375] [1.210286683152189, 0.014068482306558484, -0.2173913043478261]
[-0.00208321213722229, 0.3234957754611969, 0.01933773048222065] [252.7734375, 3.251953125, -1.494140625] [1.2466799638568962, 0.013834120902706155, -0.2173913043478261]
[-0.00208321213722229, 0.3234957754611969, 0.01933773048222065] [252.861328125, 3.2958984375, 0.439453125] [1.2466799638568962, 0.013834120902706155, -0.2173913043478261]
[0.029523856937885284, 0.35928696393966675, -0.013194014318287373] [250.83984375, 2.74658203125, -3.5595703125] [1.2897943973948311, 0.017376983559826413, -0.2173913043478261]
[0.029523856937885284, 0.35928696393966675, -0.013194014318287373] [250.927734375, 2.5048828125, -6.943359375] [1.2897943973948311, 0.017376983559826413, -0.2173913043478261]
[0.04937094449996948, 0.3474881052970886, -0.016369270160794258] [251.89453125, 2.4169921875, -4.6142578125] [1.3888285009838108, 0.03144770183006906, -0.2173913043478261]
[0.04937094449996948, 0.3474881052970886, -0.016369270160794258] [250.751953125, 2.5927734375, -0.5712890625] [1.3888285009838108, 0.03144770183006906, -0.32608695652173914]
[0.04937094449996948, 0.3474881052970886, -0.016369270160794258] [250.751953125, 2.5927734375, -0.5712890625] [1.3888285009838108, 0.03144770183006906, -0.32608695652173914]
[0.04937094449996948, 0.3474881052970886, -0.016369270160794258] [250.48828125, 2.6806640625, -0.3515625] [1.3888285009838108, 0.03144770183006906, -0.10869565217391305]
[0.04937094449996948, 0.3474881052970886, -0.016369270160794258] [249.609375, 2.87841796875, 0.087890625] [1.3888285009838108, 0.03144770183006906, -0.2173913043478261]
[0.07897078990936279, 0.3390446603298187, -0.004196721129119396] [249.2578125, 3.75732421875, -0.3515625] [1.432056696735717, 0.04151647790683637, -0.2173913043478261]
[0.07897078990936279, 0.3390446603298187, -0.004196721129119396] [249.521484375, 3.8232421875, -0.3076171875] [1.432056696735717, 0.04151647790683637, -0.2173913043478261]
[0.04787857457995415, 0.31857821345329285, 0.014407120645046234] [249.873046875, 3.6474609375, -0.087890625] [1.4750647566675, 0.04798008564279008, -0.2173913043478261]
[0.04787857457995415, 0.31857821345329285, 0.014407120645046234] [250.576171875, 2.92236328125, 0.6591796875] [1.4750647566675, 0.04798008564279008, -0.2173913043478261]
[0.04787857457995415, 0.31857821345329285, 0.014407120645046234] [251.455078125, 2.548828125, -0.87890625] [1.4750647566675, 0.04798008564279008, -0.2173913043478261]
[0.04787857457995415, 0.31857821345329285, 0.014407120645046234] [251.806640625, 2.61474609375, -2.1533203125] [1.4750647566675, 0.04798008564279008, -0.2173913043478261]
[0.02500050514936447, 0.3634611666202545, -0.0009642107179388404] [252.24609375, 2.8564453125, -2.8125] [1.5241320154339928, 0.05135515392550037, -0.2173913043478261]
[0.02500050514936447, 0.3634611666202545, -0.0009642107179388404] [252.24609375, 2.8564453125, -2.8125] [1.5241320154339928, 0.05135515392550037, -0.2173913043478261]
[0.02500050514936447, 0.3634611666202545, -0.0009642107179388404] [253.125, 2.61474609375, -1.1865234375] [1.5241320154339928, 0.05135515392550037, -0.2173913043478261]
[0.02500050514936447, 0.3634611666202545, -0.0009642107179388404] [252.861328125, 2.5927734375, -1.0107421875] [1.5241320154339928, 0.05135515392550037, -0.2173913043478261]
[0.02500050514936447, 0.3634611666202545, -0.0009642107179388404] [253.388671875, 3.14208984375, -0.263671875] [1.5241320154339928, 0.05135515392550037, -0.2173913043478261]
[0.012564770877361298, 0.38687390089035034, -0.015812445431947708] [253.564453125, 3.0322265625, 0.4833984375] [1.5734584260660012, 0.052957161831351546, -0.2173913043478261]
[0.012564770877361298, 0.38687390089035034, -0.015812445431947708] [253.4765625, 2.87841796875, 1.4501953125] [1.5734584260660012, 0.052957161831351546, -0.2173913043478261]
[-0.0031723007559776306, 0.3180934488773346, 0.03335144743323326] [252.509765625, 3.01025390625, 3.0322265625] [1.6140153385582294, 0.05255269350729993, -0.2173913043478261]
[-0.0031723007559776306, 0.3180934488773346, 0.03335144743323326] [252.509765625, 2.9443359375, 2.4609375] [1.6140153385582294, 0.05255269350729993, -0.2173913043478261]
[-0.0031723007559776306, 0.3180934488773346, 0.03335144743323326] [253.4765625, 2.87841796875, 1.0546875] [1.6140153385582294, 0.05255269350729993, -0.10869565217391305]
[0.009143833070993423, 0.28725844621658325, 0.025293193757534027] [253.740234375, 2.30712890625, 1.0986328125] [1.652795223115125, 0.05378711079100722, -0.2173913043478261]
[0.009143833070993423, 0.28725844621658325, 0.025293193757534027] [253.388671875, 2.35107421875, 1.0986328125] [1.652795223115125, 0.05378711079100722, -0.2173913043478261]
[0.009143833070993423, 0.28725844621658325, 0.025293193757534027] [253.30078125, 3.14208984375, 0.703125] [1.652795223115125, 0.05378711079100722, -0.2173913043478261]
[-0.006682723760604858, 0.22668024897575378, 0.011185945942997932] [254.970703125, 4.06494140625, -0.52734375] [1.6833970548817292, 0.052884943137721324, -0.2173913043478261]
[-0.017130723223090172, 0.1313164234161377, -0.001570540596731007] [257.431640625, 2.30712890625, 0.6591796875] [1.703094518565367, 0.05031533463192188, -0.2173913043478261]
[-0.017130723223090172, 0.1313164234161377, -0.001570540596731007] [257.87109375, 2.1533203125, 0.439453125] [1.703094518565367, 0.05031533463192188, -0.2173913043478261]
[-0.017130723223090172, 0.1313164234161377, -0.001570540596731007] [260.771484375, 5.07568359375, -3.603515625] [1.703094518565367, 0.05031533463192188, -0.2173913043478261]
[0.00014789029955863953, 0.08814495801925659, -0.015093598514795303] [262.353515625, 5.73486328125, -3.427734375] [1.7182995246741555, 0.05034084571002266, -0.2173913043478261]
[0.00014789029955863953, 0.08814495801925659, -0.015093598514795303] [262.353515625, 5.73486328125, -3.427734375] [1.7182995246741555, 0.05034084571002266, -0.2173913043478261]
[0.00014789029955863953, 0.08814495801925659, -0.015093598514795303] [274.921875, 3.14208984375, 0.0439453125] [1.7182995246741555, 0.05034084571002266, -0.2173913043478261]
[0.00014789029955863953, 0.08814495801925659, -0.015093598514795303] [277.470703125, 1.845703125, 0.615234375] [1.7182995246741555, 0.05034084571002266, -0.2173913043478261]
[0.002243887400254607, 0.027032479643821716, 0.007727699354290962] [286.962890625, 0.263671875, 0.087890625] [1.722962627358838, 0.05072791628209444, -0.2173913043478261]
[0.002243887400254607, 0.027032479643821716, 0.007727699354290962] [295.224609375, 0.087890625, 0.5712890625] [1.722962627358838, 0.05072791628209444, -0.32608695652173914]
[0.002243887400254607, 0.027032479643821716, 0.007727699354290962] [298.916015625, 0.46142578125, 1.1865234375] [1.722962627358838, 0.05072791628209444, -0.32608695652173914]
[-0.027176393195986748, -0.006894765887409449, -0.003025657497346401] [302.607421875, 1.42822265625, 1.0986328125] [1.716574285173492, 0.044339574096748234, -0.10869565217391305]
[-0.027176393195986748, -0.006894765887409449, -0.003025657497346401] [317.8125, 1.318359375, -1.669921875] [1.716574285173492, 0.044339574096748234, -0.10869565217391305]
[0.04195890575647354, -0.006126474589109421, -0.0008779953350313008] [329.326171875, 0.263671875, -1.8017578125] [1.730548932949663, 0.05831422187291941, -0.2173913043478261]
[0.04195890575647354, -0.006126474589109421, -0.0008779953350313008] [329.326171875, 0.263671875, -1.8017578125] [1.730548932949663, 0.05831422187291941, -0.2173913043478261]
[0.04195890575647354, -0.006126474589109421, -0.0008779953350313008] [331.962890625, 0.28564453125, -1.8896484375] [1.730548932949663, 0.05831422187291941, -0.2173913043478261]
[0.04195890575647354, -0.006126474589109421, -0.0008779953350313008] [346.025390625, 3.58154296875, 1.0546875] [1.730548932949663, 0.05831422187291941, -0.2173913043478261]
[0.04195890575647354, -0.006126474589109421, -0.0008779953350313008] [350.068359375, 4.15283203125, 0.703125] [1.730548932949663, 0.05831422187291941, -0.2173913043478261]
[0.06164759770035744, -0.005424651317298412, -0.0030941921286284924] [353.583984375, 3.515625, 0.17578125] [1.7411831441477816, 0.057378469468345676, -0.32608695652173914]
[0.06164759770035744, -0.005424651317298412, -0.0030941921286284924] [355.341796875, 2.109375, 1.3623046875] [1.7411831441477816, 0.057378469468345676, -0.32608695652173914]
[0.0657961368560791, 0.0033591538667678833, 0.011830010451376438] [353.232421875, 0.17578125, 1.7138671875] [1.7505590945738365, 0.05785714894153721, -0.2173913043478261]
[0.0657961368560791, 0.0033591538667678833, 0.011830010451376438] [353.232421875, 0.17578125, 1.7138671875] [1.7505590945738365, 0.05785714894153721, -0.2173913043478261]
[0.0657961368560791, 0.0033591538667678833, 0.011830010451376438] [352.96875, -0.263671875, 1.0546875] [1.7505590945738365, 0.05785714894153721, -0.2173913043478261]
[0.0657961368560791, 0.0033591538667678833, 0.011830010451376438] [353.935546875, 0.087890625, 0.3076171875] [1.7505590945738365, 0.05785714894153721, -0.2173913043478261]
[0.0657961368560791, 0.0033591538667678833, 0.011830010451376438] [353.671875, 0.37353515625, 0.87890625] [1.7505590945738365, 0.05785714894153721, -0.2173913043478261]
[0.24767807126045227, -0.05372016504406929, -0.014093301258981228] [352.96875, 0.3515625, 1.8896484375] [1.7839956321779578, 0.05060492709785707, -0.2173913043478261]
[0.24767807126045227, -0.05372016504406929, -0.014093301258981228] [352.08984375, 0.5712890625, 2.5048828125] [1.7839956321779578, 0.05060492709785707, -0.2173913043478261]
[0.28149527311325073, -0.03272446244955063, -0.001343386247754097] [351.298828125, 0.81298828125, 2.548828125] [1.8219974884799066, 0.046187125314499866, -0.2173913043478261]
[0.28149527311325073, -0.03272446244955063, -0.001343386247754097] [350.5078125, 0.5712890625, 2.4609375] [1.8219974884799066, 0.046187125314499866, -0.2173913043478261]
[0.28149527311325073, -0.03272446244955063, -0.001343386247754097] [349.541015625, -1.5380859375, 2.1533203125] [1.8219974884799066, 0.046187125314499866, -0.2173913043478261]
[0.28149527311325073, -0.03272446244955063, -0.001343386247754097] [346.46484375, -3.9111328125, 2.8564453125] [1.8219974884799066, 0.046187125314499866, -0.32608695652173914]
[0.2434389889240265, 0.007195398211479187, -0.011015772819519043] [345.9375, -3.14208984375, 2.5927734375] [1.8530359606877178, 0.04710453861956757, -0.32608695652173914]
[0.2434389889240265, 0.007195398211479187, -0.011015772819519043] [345.5859375, -2.04345703125, 2.2412109375] [1.8530359606877178, 0.04710453861956757, -0.32608695652173914]
[0.28782758116722107, 0.005138758569955826, -0.016212239861488342] [344.70703125, -2.5048828125, -1.845703125] [1.8897339786107565, 0.047759730360879, -0.32608695652173914]
[0.28782758116722107, 0.005138758569955826, -0.016212239861488342] [342.59765625, -5.6689453125, -1.40625] [1.8897339786107565, 0.047759730360879, -0.2173913043478261]
[0.28782758116722107, 0.005138758569955826, -0.016212239861488342] [341.71875, -4.482421875, -0.4833984375] [1.8897339786107565, 0.047759730360879, -0.32608695652173914]
[0.3340199887752533, -0.02106979489326477, -0.021122975274920464] [341.71875, -4.482421875, -0.4833984375] [1.9323215248278338, 0.045073331660335926, -0.10869565217391305]
[0.3340199887752533, -0.02106979489326477, -0.021122975274920464] [344.091796875, 2.21923828125, 1.669921875] [1.9323215248278338, 0.045073331660335926, -0.10869565217391305]
[0.4761958718299866, -0.030191943049430847, -0.0231197327375412] [343.388671875, 1.99951171875, 2.197265625] [1.9930365006770074, 0.04122385878262841, -0.10869565217391305]
[0.4761958718299866, -0.030191943049430847, -0.0231197327375412] [342.24609375, 0.3515625, 0.6591796875] [1.9930365006770074, 0.04122385878262841, -0.10869565217391305]
[0.4761958718299866, -0.030191943049430847, -0.0231197327375412] [342.94921875, 1.69189453125, 1.2744140625] [1.9930365006770074, 0.04122385878262841, -0.10869565217391305]
[0.38853251934051514, -0.07161098718643188, 0.018474986776709557] [343.125, 1.8017578125, 1.5380859375] [2.039660396166158, 0.03263054157941908, -0.32608695652173914]
[0.38853251934051514, -0.07161098718643188, 0.018474986776709557] [343.916015625, -0.15380859375, 2.4169921875] [2.039660396166158, 0.03263054157941908, -0.32608695652173914]
[0.3685215413570404, -0.04334891587495804, -0.012927926145493984] [344.1796875, -0.615234375, 2.548828125] [2.086646881514184, 0.02710355611986852, -0.32608695652173914]
[0.3685215413570404, -0.04334891587495804, -0.012927926145493984] [344.443359375, -0.52734375, 2.7685546875] [2.086646881514184, 0.02710355611986852, -0.10869565217391305]
[0.3685215413570404, -0.04334891587495804, -0.012927926145493984] [344.1796875, -0.50537109375, 2.8564453125] [2.086646881514184, 0.02710355611986852, -0.2173913043478261]
[0.3194613456726074, -0.03022007644176483, 0.014052826911211014] [341.89453125, -0.6591796875, 1.4501953125] [2.127378204557198, 0.023250496234508984, -0.2173913043478261]
[0.3194613456726074, -0.03022007644176483, 0.014052826911211014] [342.158203125, -1.0546875, 0.9228515625] [2.127378204557198, 0.023250496234508984, -0.10869565217391305]
[0.3411760926246643, -0.04493362084031105, -0.02318303845822811] [343.037109375, -0.76904296875, 1.0107421875] [2.1683193296731322, 0.017858462523756148, -0.10869565217391305]
[0.3411760926246643, -0.04493362084031105, -0.02318303845822811] [344.70703125, 1.0546875, 0.87890625] [2.1683193296731322, 0.017858462523756148, -0.10869565217391305]
[0.3411760926246643, -0.04493362084031105, -0.02318303845822811] [344.70703125, 1.0546875, 0.87890625] [2.1683193296731322, 0.017858462523756148, -0.10869565217391305]
[0.3411760926246643, -0.04493362084031105, -0.02318303845822811] [344.970703125, 1.60400390625, 0.87890625] [2.1683193296731322, 0.017858462523756148, -0.2173913043478261]
[0.3410953879356384, -0.019610904157161713, 0.0025162852834910154] [344.794921875, 1.86767578125, 0.4833984375] [2.2066925671057542, 0.015652235444446716, -0.2173913043478261]
[0.3410953879356384, -0.019610904157161713, 0.0025162852834910154] [347.255859375, 1.8017578125, 1.494140625] [2.2066925671057542, 0.015652235444446716, -0.2173913043478261]
[0.3410953879356384, -0.019610904157161713, 0.0025162852834910154] [347.431640625, 1.845703125, 2.7685546875] [2.2066925671057542, 0.015652235444446716, -0.2173913043478261]
[0.3893855810165405, 0.0147942453622818, 0.02895757183432579] [347.431640625, 1.845703125, 2.7685546875] [2.2534188299810283, 0.01742754462778784, -0.2173913043478261]
[0.3893855810165405, 0.0147942453622818, 0.02895757183432579] [346.728515625, 1.91162109375, 2.5927734375] [2.2534188299810283, 0.01742754462778784, -0.2173913043478261]
[0.4084228575229645, 0.006347618997097015, 0.010440796613693237] [345.9375, 1.69189453125, 1.2744140625] [2.3024295799663372, 0.01818925901751498, -0.2173913043478261]
[0.4084228575229645, 0.006347618997097015, 0.010440796613693237] [345.234375, 2.13134765625, 0.1318359375] [2.3024295799663372, 0.01818925901751498, -0.2173913043478261]
[0.4084228575229645, 0.006347618997097015, 0.010440796613693237] [344.794921875, 1.77978515625, 0.4833984375] [2.3024295799663372, 0.01818925901751498, -0.2173913043478261]
[0.4084228575229645, 0.006347618997097015, 0.010440796613693237] [344.794921875, 1.77978515625, 0.4833984375] [2.3024295799663372, 0.01818925901751498, -0.2173913043478261]
[0.40877974033355713, 0.025964803993701935, 0.01575099676847458] [344.619140625, 1.5380859375, 0.87890625] [2.3514831463774613, 0.02130503534248055, -0.32608695652173914]
[0.40877974033355713, 0.025964803993701935, 0.01575099676847458] [344.267578125, 1.93359375, 1.142578125] [2.3514831463774613, 0.02130503534248055, -0.32608695652173914]
[0.40877974033355713, 0.025964803993701935, 0.01575099676847458] [345.146484375, 2.9443359375, 1.494140625] [2.3514831463774613, 0.02130503534248055, -0.32608695652173914]
[0.40877974033355713, 0.025964803993701935, 0.01575099676847458] [344.70703125, 2.87841796875, 1.6259765625] [2.3514831463774613, 0.02130503534248055, -0.2173913043478261]
[0.39997604489326477, 0.0386851504445076, 0.02100401371717453] [344.1796875, 2.70263671875, 1.4501953125] [2.3994802787007283, 0.025947254066669413, -0.2173913043478261]
[0.39997604489326477, 0.0386851504445076, 0.02100401371717453] [343.828125, 2.724609375, 1.1865234375] [2.3994802787007283, 0.025947254066669413, -0.2173913043478261]
[0.39997604489326477, 0.0386851504445076, 0.02100401371717453] [343.65234375, 2.92236328125, 0.8349609375] [2.3994802787007283, 0.025947254066669413, -0.2173913043478261]
[0.4206799268722534, 0.024475708603858948, 0.01174107939004898] [344.091796875, 2.87841796875, 0.615234375] [2.4499618723231458, 0.02888433923863654, -0.32608695652173914]
[0.4206799268722534, 0.024475708603858948, 0.01174107939004898] [343.916015625, 2.17529296875, 1.142578125] [2.4499618723231458, 0.02888433923863654, -0.2173913043478261]
[0.4206799268722534, 0.024475708603858948, 0.01174107939004898] [343.916015625, 2.17529296875, 1.142578125] [2.4499618723231458, 0.02888433923863654, -0.2173913043478261]
[0.44534146785736084, 0.0029497966170310974, 0.0024814375210553408] [344.794921875, 2.021484375, 0.3515625] [2.5034028510043393, 0.02923831484949321, -0.2173913043478261]
[0.44534146785736084, 0.0029497966170310974, 0.0024814375210553408] [346.640625, 1.845703125, 0.52734375] [2.5034028510043393, 0.02923831484949321, -0.2173913043478261]
[0.38762977719306946, 0.02393481880426407, 0.01496860384941101] [346.728515625, 1.4501953125, 0.9228515625] [2.5470111990613162, 0.03193098184905953, -0.32608695652173914]
[0.38762977719306946, 0.02393481880426407, 0.01496860384941101] [345.234375, 1.16455078125, 1.0986328125] [2.5470111990613162, 0.03193098184905953, -0.32608695652173914]
[0.38762977719306946, 0.02393481880426407, 0.01496860384941101] [344.8828125, 1.60400390625, 1.0546875] [2.5470111990613162, 0.03193098184905953, -0.32608695652173914]
[0.38762977719306946, 0.02393481880426407, 0.01496860384941101] [342.861328125, 3.09814453125, 0.3515625] [2.5470111990613162, 0.03193098184905953, -0.32608695652173914]
[0.34694358706474304, -0.009342402219772339, 0.002940938575193286] [342.0703125, 3.076171875, 0.3515625] [2.5860423509258945, 0.03087996164457925, -0.2173913043478261]
[0.34694358706474304, -0.009342402219772339, 0.002940938575193286] [342.0703125, 3.076171875, 0.3515625] [2.5860423509258945, 0.03087996164457925, -0.2173913043478261]
[0.34694358706474304, -0.009342402219772339, 0.002940938575193286] [341.19140625, 2.83447265625, 0.3955078125] [2.5860423509258945, 0.03087996164457925, -0.2173913043478261]
[0.22945410013198853, -0.043782737106084824, 0.017908887937664986] [341.103515625, 2.79052734375, 0.4833984375] [2.6152977497483803, 0.02529766246212073, -0.2173913043478261]
[0.22945410013198853, -0.043782737106084824, 0.017908887937664986] [341.630859375, 2.30712890625, 0.263671875] [2.6152977497483803, 0.02529766246212073, -0.2173913043478261]
[0.17587804794311523, -0.029229648411273956, -0.0005285049555823207] [342.333984375, 3.4716796875, 0.8349609375] [2.636403116504005, 0.021790104486167798, -0.32608695652173914]
[0.024226674810051918, -0.03606005758047104, -0.004667281173169613] [341.3671875, 0.54931640625, 0.791015625] [2.6393103173372605, 0.017462897790774295, -0.32608695652173914]
[0.024226674810051918, -0.03606005758047104, -0.004667281173169613] [341.103515625, 0.90087890625, 0.791015625] [2.6393103173372605, 0.017462897790774295, -0.32608695652173914]
[0.024226674810051918, -0.03606005758047104, -0.004667281173169613] [341.103515625, 0.90087890625, 0.791015625] [2.6393103173372605, 0.017462897790774295, -0.32608695652173914]
[0.024226674810051918, -0.03606005758047104, -0.004667281173169613] [340.6640625, 1.47216796875, 0.791015625] [2.6393103173372605, 0.017462897790774295, -0.32608695652173914]
[0.03618112578988075, -0.042600445449352264, 0.0036232960410416126] [338.642578125, 3.5595703125, 1.494140625] [2.643380694655809, 0.012670346892161986, -0.32608695652173914]
[0.03618112578988075, -0.042600445449352264, 0.0036232960410416126] [338.291015625, 3.22998046875, 0.9228515625] [2.643380694655809, 0.012670346892161986, -0.32608695652173914]
[0.03618112578988075, -0.042600445449352264, 0.0036232960410416126] [338.203125, 2.021484375, 0.8349609375] [2.643380694655809, 0.012670346892161986, -0.2173913043478261]
[0.04334074258804321, -0.001575622707605362, 0.008181671611964703] [337.763671875, 1.60400390625, 0.87890625] [2.6492316950569643, 0.012457637821117789, -0.2173913043478261]
[0.04334074258804321, -0.001575622707605362, 0.008181671611964703] [337.412109375, 1.5380859375, 0.8349609375] [2.6492316950569643, 0.012457637821117789, -0.2173913043478261]
[0.04334074258804321, -0.001575622707605362, 0.008181671611964703] [336.708984375, 2.48291015625, 1.1865234375] [2.6492316950569643, 0.012457637821117789, -0.2173913043478261]
[0.057655125856399536, 0.0165944155305624, -0.0030365341808646917] [336.26953125, 2.724609375, 1.8017578125] [2.6570151359070855, 0.014697883589484742, -0.2173913043478261]
[0.03238341212272644, 0.038834936916828156, -0.007485638838261366] [334.3359375, 2.92236328125, 3.0322265625] [2.6611440211017205, 0.01964933822504953, -0.2173913043478261]
[0.03238341212272644, 0.038834936916828156, -0.007485638838261366] [333.10546875, 3.01025390625, 4.0869140625] [2.6611440211017205, 0.01964933822504953, -0.2173913043478261]
[0.03238341212272644, 0.038834936916828156, -0.007485638838261366] [330.1171875, 2.30712890625, 5.09765625] [2.6611440211017205, 0.01964933822504953, -0.2173913043478261]
[0.013708425685763359, 0.06963419914245605, 0.015275795012712479] [329.0625, 2.28515625, 5.7568359375] [2.6717702061507556, 0.030275523274084712, -0.2173913043478261]
[0.013708425685763359, 0.06963419914245605, 0.015275795012712479] [328.18359375, 2.2412109375, 7.294921875] [2.6717702061507556, 0.030275523274084712, -0.2173913043478261]
[0.013708425685763359, 0.06963419914245605, 0.015275795012712479] [326.162109375, 3.2958984375, 7.9541015625] [2.6717702061507556, 0.030275523274084712, -0.2173913043478261]
[0.013708425685763359, 0.06963419914245605, 0.015275795012712479] [328.53515625, 5.03173828125, 8.2177734375] [2.6717702061507556, 0.030275523274084712, -0.2173913043478261]
[-0.004158153664320707, -0.027492307126522064, -0.011720011942088604] [335.91796875, 7.998046875, 2.8564453125] [2.671146483095686, 0.026151677169260514, -0.2173913043478261]
[-0.004158153664320707, -0.027492307126522064, -0.011720011942088604] [335.91796875, 7.998046875, 2.8564453125] [2.671146483095686, 0.026151677169260514, -0.2173913043478261]
[-0.004158153664320707, -0.027492307126522064, -0.011720011942088604] [342.7734375, 9.931640625, 0.615234375] [2.671146483095686, 0.026151677169260514, -0.2173913043478261]
[-0.004158153664320707, -0.027492307126522064, -0.011720011942088604] [353.408203125, 9.47021484375, -0.87890625] [2.671146483095686, 0.026151677169260514, -0.2173913043478261]
[-0.012977249920368195, -0.05498663708567619, -0.022228356450796127] [359.736328125, 8.23974609375, -1.23046875] [2.6691998955907104, 0.01790368153471467, -0.2173913043478261]
[-0.012977249920368195, -0.05498663708567619, -0.022228356450796127] [13.798828125, 3.2958984375, -0.5712890625] [2.6691998955907104, 0.01790368153471467, -0.2173913043478261]
[-0.012977249920368195, -0.05498663708567619, -0.022228356450796127] [32.34375, 1.23046875, -1.1865234375] [2.6691998955907104, 0.01790368153471467, -0.2173913043478261]
[-0.008290164172649384, -0.07794046401977539, 0.013843812048435211] [32.34375, 1.23046875, -1.1865234375] [2.679125062675446, 0.007978514449978828, -0.32608695652173914]
[-0.008290164172649384, -0.07794046401977539, 0.013843812048435211] [56.513671875, 6.13037109375, 3.603515625] [2.679125062675446, 0.007978514449978828, -0.32608695652173914]
[0.03471303731203079, -0.07735893130302429, -0.004624112509191036] [59.853515625, 5.9765625, 3.2080078125] [2.6925736995480287, -0.005470122422603727, -0.32608695652173914]
[0.03471303731203079, -0.07735893130302429, -0.004624112509191036] [68.02734375, 4.72412109375, 2.724609375] [2.6925736995480287, -0.005470122422603727, -0.2173913043478261]
[0.03471303731203079, -0.07735893130302429, -0.004624112509191036] [72.421875, 2.65869140625, 3.1640625] [2.6925736995480287, -0.005470122422603727, -0.2173913043478261]
[0.011762509122490883, -0.1404590755701065, -0.013781091198325157] [71.015625, 1.56005859375, 0.9228515625] [2.71153567360669, -0.007058061058396003, -0.2173913043478261]
[0.011762509122490883, -0.1404590755701065, -0.013781091198325157] [71.54296875, 1.25244140625, 0.615234375] [2.71153567360669, -0.007058061058396003, -0.2173913043478261]
[0.011762509122490883, -0.1404590755701065, -0.013781091198325157] [73.65234375, 1.8017578125, 1.3623046875] [2.71153567360669, -0.007058061058396003, -0.2173913043478261]
[-0.03467752784490585, -0.22736753523349762, -0.027970729395747185] [74.53125, 2.548828125, 2.197265625] [2.738819779130635, -0.002896757519355998, -0.2173913043478261]
[-0.03467752784490585, -0.22736753523349762, -0.027970729395747185] [75.5859375, 2.6806640625, -0.0] [2.738819779130635, -0.002896757519355998, -0.2173913043478261]
[-0.03467752784490585, -0.22736753523349762, -0.027970729395747185] [73.916015625, 1.494140625, -0.263671875] [2.738819779130635, -0.002896757519355998, -0.2173913043478261]
[0.015052855014801025, -0.27172887325286865, -0.0005888692103326321] [73.916015625, 1.494140625, -0.263671875] [2.773465211720528, -0.0048159966029973035, -0.2173913043478261]
[0.015052855014801025, -0.27172887325286865, -0.0005888692103326321] [75.849609375, 1.40625, 2.6806640625] [2.773465211720528, -0.0048159966029973035, -0.2173913043478261]
[0.015052855014801025, -0.27172887325286865, -0.0005888692103326321] [75.849609375, 1.40625, 2.6806640625] [2.773465211720528, -0.0048159966029973035, -0.2173913043478261]
[-0.027714133262634277, -0.28511667251586914, 0.010237219743430614] [75.05859375, 2.04345703125, 2.8125] [2.807679210728315, -0.001490300776154081, -0.2173913043478261]
[-0.027714133262634277, -0.28511667251586914, 0.010237219743430614] [75.05859375, 2.04345703125, 2.8125] [2.807679210728315, -0.001490300776154081, -0.2173913043478261]
[-0.044081903994083405, -0.3087158799171448, -0.031068366020917892] [75.673828125, 2.6806640625, 0.87890625] [2.8516712207643686, 0.004791370135742439, -0.10869565217391305]
[-0.044081903994083405, -0.3087158799171448, -0.031068366020917892] [74.970703125, 1.95556640625, 3.0322265625] [2.8516712207643686, 0.004791370135742439, -0.10869565217391305]
[-0.044081903994083405, -0.3087158799171448, -0.031068366020917892] [74.619140625, 3.0322265625, -4.2626953125] [2.8516712207643686, 0.004791370135742439, -0.10869565217391305]
[-0.06625513732433319, -0.26710131764411926, 0.006082918494939804] [75.05859375, 3.076171875, -3.69140625] [2.8837233835135274, 0.012741987763607753, -0.10869565217391305]
[-0.06625513732433319, -0.26710131764411926, 0.006082918494939804] [71.982421875, 1.7578125, -1.669921875] [2.8837233835135274, 0.012741987763607753, -0.2173913043478261]
[-0.05606146529316902, -0.2846764624118805, -0.0015629384433850646] [71.71875, 2.39501953125, -1.318359375] [2.9200196304666926, 0.019889824193769313, -0.2173913043478261]
[-0.05606146529316902, -0.2846764624118805, -0.0015629384433850646] [71.71875, 2.39501953125, -1.318359375] [2.9200196304666926, 0.019889824193769313, -0.2173913043478261]
[-0.05606146529316902, -0.2846764624118805, -0.0015629384433850646] [71.015625, 2.548828125, 0.439453125] [2.9200196304666926, 0.019889824193769313, -0.32608695652173914]
[-0.04796299710869789, -0.28736749291419983, 0.0005862931138835847] [70.3125, 2.900390625, 1.494140625] [2.956658990480752, 0.026005107104156037, -0.32608695652173914]
[-0.04796299710869789, -0.28736749291419983, 0.0005862931138835847] [69.521484375, 2.724609375, 3.1201171875] [2.956658990480752, 0.026005107104156037, -0.2173913043478261]
[-0.004326574504375458, -0.31786733865737915, 0.0009264515247195959] [69.78515625, 2.92236328125, -0.0439453125] [2.994803076631847, 0.0265242961197092, -0.32608695652173914]
[-0.004326574504375458, -0.31786733865737915, 0.0009264515247195959] [69.609375, 2.79052734375, 0.1318359375] [2.994803076631847, 0.0265242961197092, -0.32608695652173914]
[0.017353281378746033, -0.2846754789352417, -0.007264007814228535] [69.345703125, 2.48291015625, 0.9228515625] [3.0310992015058065, 0.024311752664081258, -0.32608695652173914]
[0.017353281378746033, -0.2846754789352417, -0.007264007814228535] [68.73046875, 2.74658203125, 1.4501953125] [3.0310992015058065, 0.024311752664081258, -0.32608695652173914]
[-0.01017509400844574, -0.34247687458992004, -0.003284787992015481] [67.939453125, 3.1640625, 0.3955078125] [3.0773335728008107, 0.025685390153944932, -0.32608695652173914]
[-0.01017509400844574, -0.34247687458992004, -0.003284787992015481] [68.291015625, 2.7685546875, 0.3515625] [3.1209993639258036, 0.026982714331473607, -0.10869565217391305]
[-0.01017509400844574, -0.34247687458992004, -0.003284787992015481] [68.5546875, 2.74658203125, 0.4833984375] [3.1209993639258036, 0.026982714331473607, -0.2173913043478261]
[-0.01017509400844574, -0.34247687458992004, -0.003284787992015481] [70.751953125, 3.09814453125, 1.7578125] [3.1209993639258036, 0.026982714331473607, -0.2173913043478261]
[-0.01017509400844574, -0.34247687458992004, -0.003284787992015481] [72.59765625, 3.8671875, 3.8232421875] [3.1209993639258036, 0.026982714331473607, -0.2173913043478261]
[-0.027877632528543472, -0.34053683280944824, -0.026869826018810272] [72.685546875, 3.80126953125, 3.6474609375] [3.1644178077113567, 0.030537112282582102, -0.2173913043478261]
[-0.027877632528543472, -0.34053683280944824, -0.026869826018810272] [72.509765625, 3.33984375, 3.8671875] [3.1644178077113567, 0.030537112282582102, -0.2173913043478261]
[-0.01947396993637085, -0.36096954345703125, -0.014139072969555855] [72.421875, 2.57080078125, 3.9111328125] [3.221270498273083, 0.03360426187143001, -0.2173913043478261]
[-0.013885162770748138, -0.3384886384010315, -0.016288550570607185] [72.509765625, 2.52685546875, 3.1201171875] [3.266966461702006, 0.03547875873245912, -0.2173913043478261]
[-0.013885162770748138, -0.3384886384010315, -0.016288550570607185] [72.509765625, 2.52685546875, 3.1201171875] [3.266966461702006, 0.03547875873245912, -0.2173913043478261]
[-0.013885162770748138, -0.3384886384010315, -0.016288550570607185] [72.509765625, 2.57080078125, 2.900390625] [3.266966461702006, 0.03547875873245912, -0.2173913043478261]
[-0.013885162770748138, -0.3384886384010315, -0.016288550570607185] [72.509765625, 2.57080078125, 2.900390625] [3.266966461702006, 0.03547875873245912, -0.2173913043478261]
[-0.013885162770748138, -0.3384886384010315, -0.016288550570607185] [71.982421875, 2.8564453125, 2.63671875] [3.266966461702006, 0.03547875873245912, -0.2173913043478261]
[-0.013885162770748138, -0.3384886384010315, -0.016288550570607185] [71.89453125, 3.1201171875, 2.900390625] [3.266966461702006, 0.03547875873245912, -0.2173913043478261]
[-0.013885162770748138, -0.3384886384010315, -0.016288550570607185] [72.158203125, 3.0322265625, 2.28515625] [3.266966461702006, 0.03547875873245912, -0.2173913043478261]
[-0.013885162770748138, -0.3384886384010315, -0.016288550570607185] [72.59765625, 2.79052734375, 1.40625] [3.266966461702006, 0.03547875873245912, -0.2173913043478261]
[-0.02777084708213806, -0.3665110468864441, -0.023078329861164093] [72.59765625, 2.79052734375, 1.40625] [3.316445450048364, 0.03922782286249975, -0.2173913043478261]
[-0.02777084708213806, -0.3665110468864441, -0.023078329861164093] [72.0703125, 2.52685546875, 2.5927734375] [3.316445450048364, 0.03922782286249975, -0.10869565217391305]
[-0.02777084708213806, -0.3665110468864441, -0.023078329861164093] [71.279296875, 2.548828125, 3.8232421875] [3.316445450048364, 0.03922782286249975, -0.10869565217391305]
[-0.02777084708213806, -0.3665110468864441, -0.023078329861164093] [70.576171875, 2.57080078125, 4.921875] [3.316445450048364, 0.03922782286249975, -0.2173913043478261]
[-0.0001483038067817688, -0.34897667169570923, -0.02768442966043949] [70.224609375, 2.70263671875, 5.537109375] [3.3609399732324925, 0.039246731596820246, -0.10869565217391305]
[-0.0001483038067817688, -0.34897667169570923, -0.02768442966043949] [69.78515625, 2.9443359375, 4.39453125] [3.3609399732324925, 0.039246731596820246, -0.10869565217391305]
[-0.0001483038067817688, -0.34897667169570923, -0.02768442966043949] [68.642578125, 2.8564453125, 2.548828125] [3.3609399732324925, 0.039246731596820246, -0.10869565217391305]
[-0.010877657681703568, -0.28517618775367737, -0.018710479140281677] [66.97265625, 2.4169921875, 3.955078125] [3.403716395127596, 0.04087838000999343, -0.10869565217391305]
[-0.010877657681703568, -0.28517618775367737, -0.018710479140281677] [66.97265625, 2.4169921875, 3.955078125] [3.403716395127596, 0.04087838000999343, -0.10869565217391305]
[-0.010877657681703568, -0.28517618775367737, -0.018710479140281677] [66.005859375, 2.57080078125, 5.0537109375] [3.403716395127596, 0.04087838000999343, -0.2173913043478261]
[-0.04976234212517738, -0.36597660183906555, -0.04172108322381973] [65.830078125, 2.8125, 4.8779296875] [3.455868057508508, 0.04796951330309086, -0.2173913043478261]
[-0.04976234212517738, -0.36597660183906555, -0.04172108322381973] [65.7421875, 2.96630859375, 4.306640625] [3.455868057508508, 0.04796951330309086, -0.2173913043478261]
[-0.04976234212517738, -0.36597660183906555, -0.04172108322381973] [65.390625, 2.79052734375, 1.6259765625] [3.455868057508508, 0.04796951330309086, -0.2173913043478261]
[-0.04976234212517738, -0.36597660183906555, -0.04172108322381973] [63.544921875, 2.28515625, -0.52734375] [3.455868057508508, 0.04796951330309086, -0.2173913043478261]
[-0.043395839631557465, -0.3050221800804138, 0.00017208882491104305] [62.75390625, 2.26318359375, 0.615234375] [3.4947583868720864, 0.05350248305576713, -0.2173913043478261]
[-0.043395839631557465, -0.3050221800804138, 0.00017208882491104305] [60.8203125, 2.35107421875, 1.8017578125] [3.4947583868720864, 0.05350248305576713, -0.2173913043478261]
[-0.043395839631557465, -0.3050221800804138, 0.00017208882491104305] [60.205078125, 2.63671875, 2.021484375] [3.4947583868720864, 0.05350248305576713, -0.2173913043478261]
[-0.06421904265880585, -0.3423146605491638, -0.017696477472782135] [59.765625, 2.8125, 2.021484375] [3.5302155761950917, 0.018045293732761744, -0.2173913043478261]
[-0.06421904265880585, -0.3423146605491638, -0.017696477472782135] [60.1171875, 2.9443359375, 2.724609375] [3.5302155761950917, 0.018045293732761744, -0.2173913043478261]
[-0.06421904265880585, -0.3423146605491638, -0.017696477472782135] [60.1171875, 3.1201171875, 2.6806640625] [3.5302155761950917, 0.018045293732761744, -0.10869565217391305]
[-0.0661502480506897, -0.33845141530036926, -0.01806693896651268] [60.1171875, 3.18603515625, 2.1533203125] [3.5708297479602056, 0.02598332387588069, -0.10869565217391305]
[-0.0661502480506897, -0.33845141530036926, -0.01806693896651268] [60.380859375, 2.9443359375, 1.9775390625] [3.5708297479602056, 0.02598332387588069, -0.10869565217391305]
[-0.0661502480506897, -0.33845141530036926, -0.01806693896651268] [60.380859375, 2.43896484375, 3.251953125] [3.5708297479602056, 0.02598332387588069, -0.10869565217391305]
[-0.07332845777273178, -0.33821794390678406, -0.015346117317676544] [60.29296875, 2.5048828125, 3.076171875] [3.6114158992193834, 0.03478273837290269, -0.10869565217391305]
[-0.07332845777273178, -0.33821794390678406, -0.015346117317676544] [60.8203125, 2.5927734375, 1.4501953125] [3.6114158992193834, 0.03478273837290269, -0.10869565217391305]
[-0.07332845777273178, -0.33821794390678406, -0.015346117317676544] [61.435546875, 2.48291015625, 0.087890625] [3.6114158992193834, 0.03478273837290269, -0.10869565217391305]
[-0.030218571424484253, -0.27018511295318604, -0.010269075632095337] [63.544921875, 2.548828125, 0.087890625] [3.651943663369274, 0.03931552377418539, -0.2173913043478261]
[-0.030218571424484253, -0.27018511295318604, -0.010269075632095337] [66.533203125, 2.83447265625, 2.1533203125] [3.651943663369274, 0.03931552377418539, -0.10869565217391305]
[0.004098670557141304, -0.15881192684173584, -0.011752424761652946] [67.236328125, 3.01025390625, 2.197265625] [3.680529807860927, 0.03857776313428781, -0.10869565217391305]
[0.004098670557141304, -0.15881192684173584, -0.011752424761652946] [68.73046875, 3.40576171875, 2.98828125] [3.680529807860927, 0.03857776313428781, -0.10869565217391305]
[0.004098670557141304, -0.15881192684173584, -0.011752424761652946] [71.103515625, 2.900390625, 3.33984375] [3.680529807860927, 0.03857776313428781, -0.10869565217391305]
[0.004098670557141304, -0.15881192684173584, -0.011752424761652946] [72.0703125, 2.57080078125, 3.3837890625] [3.680529807860927, 0.03857776313428781, -0.10869565217391305]
[-0.035761281847953796, -0.0819033607840538, -0.007243516389280558] [73.388671875, 2.39501953125, 3.8671875] [3.6977295130122996, 0.046087632054583584, -0.10869565217391305]
[-0.035761281847953796, -0.0819033607840538, -0.007243516389280558] [74.970703125, 2.48291015625, 4.8779296875] [3.6977295130122996, 0.046087632054583584, -0.10869565217391305]
[-0.035761281847953796, -0.0819033607840538, -0.007243516389280558] [76.376953125, 2.79052734375, 4.482421875] [3.6977295130122996, 0.046087632054583584, -0.10869565217391305]
[0.0036438056267797947, -0.022835617884993553, 0.0028610588051378727] [76.376953125, 2.79052734375, 4.482421875] [3.7023537257539583, 0.045349761396021, -0.10869565217391305]
[0.019469808787107468, -0.031920574605464935, -0.010972198098897934] [78.3984375, 2.39501953125, 0.703125] [3.708817641536024, 0.04140712546768028, -0.32608695652173914]